72.0 0.0 33.6 0.627 50.0
66.0 0.0 26.6 0.35100000000000003 31.0
64.0 0.0 23.3 0.672 32.0
66.0 94.0 28.1 0.16699999999999998 21.0
40.0 168.0 43.1 2.2880000000000003 33.0
74.0 0.0 25.6 0.201 30.0
50.0 88.0 31.0 0.248 26.0
0.0 0.0 35.3 0.134 29.0
70.0 543.0 30.5 0.158 53.0
96.0 0.0 0.0 0.23199999999999998 54.0
92.0 0.0 37.6 0.191 30.0
74.0 0.0 38.0 0.537 34.0
80.0 0.0 27.1 1.4409999999999998 57.0
60.0 846.0 30.1 0.39799999999999996 59.0
72.0 175.0 25.8 0.5870000000000001 51.0
0.0 0.0 30.0 0.484 32.0
84.0 230.0 45.8 0.551 31.0
74.0 0.0 29.6 0.254 31.0
30.0 83.0 43.3 0.183 33.0
70.0 96.0 34.6 0.529 32.0
88.0 235.0 39.3 0.7040000000000001 27.0
84.0 0.0 35.4 0.38799999999999996 50.0
90.0 0.0 39.8 0.451 41.0
80.0 0.0 29.0 0.263 29.0
94.0 146.0 36.6 0.254 51.0
70.0 115.0 31.1 0.205 41.0
76.0 0.0 39.4 0.257 43.0
66.0 140.0 23.2 0.48700000000000004 22.0
82.0 110.0 22.2 0.245 57.0
92.0 0.0 34.1 0.337 38.0
75.0 0.0 36.0 0.546 60.0
76.0 245.0 31.6 0.851 28.0
58.0 54.0 24.8 0.267 22.0
92.0 0.0 19.9 0.188 28.0
78.0 0.0 27.6 0.512 45.0
60.0 192.0 24.0 0.966 33.0
76.0 0.0 33.2 0.42 35.0
76.0 0.0 32.9 0.665 46.0
68.0 0.0 38.2 0.503 27.0
72.0 207.0 37.1 1.39 56.0
64.0 70.0 34.0 0.271 26.0
84.0 0.0 40.2 0.696 37.0
92.0 0.0 22.7 0.235 48.0
110.0 240.0 45.4 0.721 54.0
64.0 0.0 27.4 0.294 40.0
66.0 0.0 42.0 1.893 25.0
56.0 0.0 29.7 0.564 29.0
70.0 0.0 28.0 0.586 22.0
66.0 0.0 39.1 0.344 31.0
0.0 0.0 0.0 0.305 24.0
80.0 82.0 19.4 0.491 22.0
50.0 36.0 24.2 0.526 26.0
66.0 23.0 24.4 0.342 30.0
90.0 300.0 33.7 0.467 58.0
66.0 342.0 34.7 0.718 42.0
50.0 0.0 23.0 0.248 21.0
68.0 304.0 37.7 0.254 41.0
88.0 110.0 46.8 0.9620000000000001 31.0
82.0 0.0 40.5 1.781 44.0
64.0 142.0 41.5 0.17300000000000001 22.0
0.0 0.0 0.0 0.304 21.0
72.0 0.0 32.9 0.27 39.0
62.0 0.0 25.0 0.5870000000000001 36.0
58.0 128.0 25.4 0.6990000000000001 24.0
66.0 0.0 32.8 0.258 42.0
74.0 0.0 29.0 0.203 32.0
88.0 0.0 32.5 0.855 38.0
92.0 0.0 42.7 0.845 54.0
66.0 38.0 19.6 0.33399999999999996 25.0
85.0 100.0 28.9 0.18899999999999997 27.0
66.0 90.0 32.9 0.867 28.0
64.0 140.0 28.6 0.41100000000000003 26.0
90.0 0.0 43.4 0.583 42.0
86.0 270.0 35.1 0.231 23.0
75.0 0.0 32.0 0.396 22.0
48.0 0.0 24.7 0.14 22.0
78.0 0.0 32.6 0.391 41.0
72.0 0.0 37.7 0.37 27.0
0.0 0.0 43.2 0.27 26.0
66.0 0.0 25.0 0.307 24.0
44.0 0.0 22.4 0.14 22.0
0.0 0.0 0.0 0.102 22.0
78.0 71.0 29.3 0.767 36.0
65.0 0.0 24.6 0.237 22.0
108.0 0.0 48.8 0.22699999999999998 37.0
74.0 125.0 32.4 0.698 27.0
72.0 0.0 36.6 0.17800000000000002 45.0
68.0 71.0 38.5 0.324 26.0
70.0 110.0 37.1 0.153 43.0
68.0 0.0 26.5 0.165 24.0
55.0 0.0 19.1 0.258 21.0
80.0 176.0 32.0 0.44299999999999995 34.0
78.0 48.0 46.7 0.261 42.0
72.0 0.0 23.8 0.27699999999999997 60.0
82.0 64.0 24.7 0.7609999999999999 21.0
72.0 228.0 33.9 0.255 40.0
62.0 0.0 31.6 0.13 24.0
48.0 76.0 20.4 0.32299999999999995 22.0
50.0 64.0 28.7 0.35600000000000004 23.0
90.0 220.0 49.7 0.325 31.0
72.0 0.0 39.0 1.222 33.0
60.0 0.0 26.1 0.179 22.0
96.0 0.0 22.5 0.262 21.0
72.0 40.0 26.6 0.28300000000000003 24.0
65.0 0.0 39.6 0.93 27.0
56.0 152.0 28.7 0.8009999999999999 21.0
122.0 0.0 22.4 0.207 27.0
58.0 140.0 29.5 0.287 37.0
58.0 18.0 34.3 0.336 25.0
85.0 36.0 37.4 0.247 24.0
72.0 135.0 33.3 0.19899999999999998 24.0
62.0 495.0 34.0 0.5429999999999999 46.0
76.0 37.0 31.2 0.192 23.0
62.0 0.0 34.0 0.391 25.0
54.0 175.0 30.5 0.588 39.0
92.0 0.0 31.2 0.539 61.0
74.0 0.0 34.0 0.22 38.0
48.0 0.0 33.7 0.654 25.0
60.0 0.0 28.2 0.44299999999999995 22.0
76.0 51.0 23.2 0.223 21.0
76.0 100.0 53.2 0.759 25.0
64.0 0.0 34.2 0.26 24.0
74.0 100.0 33.6 0.40399999999999997 23.0
80.0 0.0 26.8 0.18600000000000003 69.0
76.0 0.0 33.3 0.278 23.0
30.0 99.0 55.0 0.496 26.0
70.0 135.0 42.9 0.452 30.0
58.0 94.0 33.3 0.261 23.0
88.0 145.0 34.5 0.40299999999999997 40.0
84.0 0.0 27.9 0.741 62.0
70.0 168.0 29.7 0.361 33.0
56.0 0.0 33.3 1.114 33.0
64.0 225.0 34.5 0.35600000000000004 30.0
74.0 0.0 38.3 0.457 39.0
68.0 49.0 21.1 0.647 26.0
60.0 140.0 33.8 0.08800000000000001 31.0
70.0 50.0 30.8 0.597 21.0
60.0 92.0 28.7 0.532 22.0
80.0 0.0 31.2 0.703 29.0
72.0 325.0 36.9 0.159 28.0
78.0 0.0 21.1 0.268 55.0
82.0 0.0 39.5 0.28600000000000003 38.0
52.0 63.0 32.5 0.318 22.0
66.0 0.0 32.4 0.272 42.0
62.0 284.0 32.8 0.237 23.0
75.0 0.0 0.0 0.5720000000000001 21.0
80.0 0.0 32.8 0.096 41.0
64.0 119.0 30.5 1.4 34.0
78.0 0.0 33.7 0.218 65.0
70.0 0.0 27.3 0.085 22.0
74.0 204.0 37.4 0.39899999999999997 24.0
65.0 0.0 21.9 0.43200000000000005 37.0
86.0 155.0 34.3 1.189 42.0
82.0 485.0 40.6 0.687 23.0
78.0 0.0 47.9 0.13699999999999998 43.0
88.0 0.0 50.0 0.337 36.0
52.0 94.0 24.6 0.637 21.0
56.0 135.0 25.2 0.833 23.0
74.0 53.0 29.0 0.22899999999999998 22.0
72.0 114.0 40.9 0.8170000000000001 47.0
90.0 0.0 29.7 0.294 36.0
74.0 105.0 37.2 0.204 45.0
80.0 285.0 44.2 0.16699999999999998 27.0
64.0 0.0 29.7 0.368 21.0
88.0 0.0 31.6 0.743 32.0
74.0 156.0 29.9 0.722 41.0
66.0 0.0 32.5 0.256 22.0
68.0 0.0 29.6 0.7090000000000001 34.0
66.0 0.0 31.9 0.47100000000000003 29.0
90.0 78.0 28.4 0.495 29.0
82.0 0.0 30.8 0.18 36.0
70.0 130.0 35.4 0.542 29.0
0.0 0.0 28.9 0.773 25.0
60.0 48.0 43.5 0.6779999999999999 23.0
64.0 55.0 29.7 0.37 33.0
72.0 130.0 32.7 0.7190000000000001 36.0
78.0 0.0 31.2 0.382 42.0
110.0 130.0 67.1 0.319 26.0
78.0 0.0 45.0 0.19 47.0
82.0 0.0 39.1 0.956 37.0
80.0 0.0 23.2 0.084 32.0
64.0 92.0 34.9 0.725 23.0
74.0 23.0 27.7 0.299 21.0
60.0 0.0 26.8 0.268 27.0
74.0 0.0 27.6 0.244 40.0
68.0 0.0 35.9 0.745 41.0
68.0 495.0 30.1 0.615 60.0
98.0 58.0 32.0 1.321 33.0
76.0 114.0 27.9 0.64 31.0
80.0 160.0 31.6 0.361 25.0
62.0 0.0 22.6 0.142 21.0
70.0 94.0 33.1 0.374 40.0
66.0 0.0 30.4 0.38299999999999995 36.0
0.0 0.0 52.3 0.578 40.0
55.0 0.0 24.4 0.136 42.0
84.0 210.0 39.4 0.395 29.0
58.0 0.0 24.3 0.187 21.0
62.0 48.0 22.9 0.6779999999999999 23.0
64.0 99.0 34.8 0.905 26.0
60.0 318.0 30.9 0.15 29.0
80.0 0.0 31.0 0.8740000000000001 21.0
82.0 0.0 40.1 0.23600000000000002 28.0
68.0 0.0 27.3 0.787 32.0
70.0 44.0 20.4 0.235 27.0
72.0 190.0 37.7 0.324 55.0
72.0 0.0 23.9 0.40700000000000003 27.0
76.0 280.0 37.5 0.605 57.0
104.0 0.0 37.7 0.151 52.0
64.0 87.0 33.2 0.289 21.0
84.0 0.0 35.5 0.355 41.0
60.0 0.0 27.7 0.29 25.0
85.0 0.0 42.8 0.375 24.0
95.0 0.0 34.2 0.16399999999999998 60.0
65.0 130.0 42.6 0.431 24.0
82.0 175.0 34.2 0.26 36.0
70.0 271.0 41.8 0.742 38.0
62.0 129.0 35.8 0.514 25.0
68.0 120.0 30.0 0.46399999999999997 32.0
74.0 0.0 29.0 1.224 32.0
66.0 0.0 37.8 0.261 41.0
60.0 478.0 34.6 1.072 21.0
90.0 0.0 31.6 0.805 66.0
0.0 0.0 25.2 0.209 37.0
60.0 190.0 28.8 0.687 61.0
66.0 56.0 23.6 0.6659999999999999 26.0
78.0 32.0 34.6 0.10099999999999999 22.0
76.0 0.0 35.7 0.198 26.0
52.0 0.0 37.2 0.652 24.0
70.0 744.0 36.7 2.329 31.0
80.0 53.0 45.2 0.08900000000000001 24.0
86.0 0.0 44.0 0.645 22.0
80.0 370.0 46.2 0.23800000000000002 46.0
80.0 37.0 25.4 0.583 22.0
68.0 0.0 35.0 0.39399999999999996 29.0
68.0 45.0 29.7 0.293 23.0
72.0 0.0 43.6 0.479 26.0
84.0 192.0 35.9 0.586 51.0
90.0 0.0 44.1 0.6859999999999999 23.0
84.0 0.0 30.8 0.831 32.0
76.0 0.0 18.4 0.5820000000000001 27.0
64.0 0.0 29.2 0.192 21.0
70.0 88.0 33.1 0.446 22.0
54.0 0.0 25.6 0.402 22.0
50.0 176.0 27.1 1.318 33.0
76.0 194.0 38.2 0.32899999999999996 29.0
85.0 0.0 30.0 1.213 49.0
68.0 0.0 31.2 0.258 41.0
90.0 680.0 52.3 0.42700000000000005 23.0
70.0 402.0 35.4 0.282 34.0
86.0 0.0 30.1 0.14300000000000002 23.0
52.0 0.0 31.2 0.38 42.0
84.0 0.0 28.0 0.284 27.0
80.0 55.0 24.4 0.249 24.0
68.0 0.0 35.8 0.23800000000000002 25.0
62.0 258.0 27.6 0.9259999999999999 44.0
64.0 0.0 33.6 0.5429999999999999 21.0
56.0 0.0 30.1 0.557 30.0
68.0 0.0 28.7 0.092 25.0
50.0 375.0 25.9 0.655 24.0
76.0 150.0 33.3 1.3530000000000002 51.0
68.0 130.0 30.9 0.299 34.0
0.0 0.0 30.0 0.7609999999999999 27.0
70.0 0.0 32.1 0.612 24.0
80.0 0.0 32.4 0.2 63.0
62.0 0.0 32.0 0.226 35.0
74.0 67.0 33.6 0.997 43.0
0.0 0.0 36.3 0.9329999999999999 25.0
64.0 0.0 40.0 1.101 24.0
52.0 0.0 25.1 0.078 21.0
0.0 0.0 27.5 0.24 28.0
86.0 0.0 45.6 1.136 38.0
62.0 56.0 25.2 0.128 21.0
78.0 0.0 23.0 0.254 40.0
78.0 45.0 33.2 0.42200000000000004 21.0
70.0 0.0 34.2 0.251 52.0
70.0 57.0 40.5 0.677 25.0
60.0 0.0 26.5 0.29600000000000004 29.0
64.0 116.0 27.8 0.45399999999999996 23.0
74.0 0.0 24.9 0.7440000000000001 57.0
62.0 278.0 25.3 0.8809999999999999 22.0
70.0 0.0 37.9 0.33399999999999996 28.0
76.0 122.0 35.9 0.28 39.0
88.0 155.0 32.4 0.262 37.0
86.0 0.0 30.4 0.165 47.0
80.0 0.0 27.0 0.259 52.0
74.0 135.0 26.0 0.647 51.0
84.0 545.0 38.7 0.619 34.0
86.0 220.0 45.6 0.8079999999999999 29.0
56.0 49.0 20.8 0.34 26.0
72.0 75.0 36.1 0.263 33.0
88.0 40.0 36.9 0.434 21.0
62.0 74.0 36.6 0.757 25.0
78.0 182.0 43.3 1.224 31.0
48.0 194.0 40.5 0.613 24.0
50.0 0.0 21.9 0.254 65.0
62.0 120.0 35.5 0.6920000000000001 28.0
70.0 360.0 28.0 0.337 29.0
84.0 215.0 30.7 0.52 24.0
78.0 184.0 36.6 0.41200000000000003 46.0
72.0 0.0 23.6 0.84 58.0
0.0 0.0 32.3 0.8390000000000001 30.0
58.0 135.0 31.6 0.42200000000000004 25.0
82.0 42.0 35.8 0.156 35.0
98.0 0.0 52.9 0.209 28.0
76.0 0.0 21.0 0.207 37.0
76.0 105.0 39.7 0.215 29.0
68.0 132.0 25.5 0.326 47.0
68.0 148.0 24.8 0.14300000000000002 21.0
68.0 180.0 30.5 1.391 25.0
68.0 205.0 32.9 0.875 30.0
66.0 0.0 26.2 0.313 41.0
70.0 148.0 39.4 0.605 22.0
74.0 96.0 26.6 0.433 27.0
50.0 85.0 29.5 0.626 25.0
80.0 0.0 35.9 1.127 43.0
68.0 94.0 34.1 0.315 26.0
80.0 64.0 19.3 0.284 30.0
74.0 0.0 30.5 0.345 29.0
66.0 140.0 38.1 0.15 28.0
78.0 0.0 23.5 0.129 59.0
60.0 231.0 27.5 0.527 31.0
74.0 0.0 31.6 0.19699999999999998 25.0
70.0 0.0 27.4 0.254 36.0
90.0 29.0 26.8 0.731 43.0
75.0 0.0 35.7 0.14800000000000002 21.0
72.0 168.0 25.6 0.12300000000000001 24.0
64.0 156.0 35.1 0.6920000000000001 30.0
70.0 0.0 35.1 0.2 37.0
86.0 120.0 45.5 0.127 23.0
70.0 68.0 30.8 0.122 37.0
72.0 0.0 23.1 1.476 46.0
58.0 52.0 32.7 0.166 25.0
0.0 0.0 43.3 0.282 41.0
80.0 0.0 23.6 0.13699999999999998 44.0
60.0 58.0 23.9 0.26 22.0
76.0 255.0 47.9 0.259 26.0
0.0 0.0 33.8 0.932 44.0
76.0 0.0 31.2 0.34299999999999997 44.0
78.0 171.0 34.2 0.893 33.0
84.0 0.0 39.9 0.331 41.0
70.0 105.0 25.9 0.47200000000000003 22.0
74.0 73.0 25.9 0.6729999999999999 36.0
68.0 0.0 32.0 0.389 22.0
86.0 0.0 34.7 0.29 33.0
72.0 0.0 36.8 0.485 57.0
88.0 108.0 38.5 0.349 49.0
46.0 83.0 28.7 0.654 22.0
0.0 0.0 23.5 0.187 23.0
62.0 74.0 21.8 0.27899999999999997 26.0
80.0 0.0 41.0 0.34600000000000003 37.0
80.0 0.0 42.2 0.237 29.0
84.0 0.0 31.2 0.252 30.0
82.0 0.0 34.4 0.243 46.0
62.0 43.0 27.2 0.58 24.0
78.0 0.0 42.7 0.5589999999999999 21.0
88.0 0.0 30.4 0.302 49.0
50.0 167.0 33.3 0.9620000000000001 28.0
0.0 0.0 39.9 0.569 44.0
74.0 54.0 35.3 0.37799999999999995 48.0
76.0 249.0 36.5 0.875 29.0
64.0 325.0 31.2 0.583 29.0
70.0 0.0 29.8 0.207 63.0
108.0 0.0 39.2 0.305 65.0
78.0 0.0 38.5 0.52 67.0
74.0 293.0 34.9 0.385 30.0
54.0 83.0 34.0 0.499 30.0
72.0 0.0 27.6 0.368 29.0
64.0 0.0 21.0 0.252 21.0
86.0 66.0 27.5 0.306 22.0
102.0 140.0 32.8 0.23399999999999999 45.0
82.0 465.0 38.4 2.137 25.0
64.0 89.0 0.0 1.7309999999999999 21.0
64.0 66.0 35.8 0.545 21.0
58.0 94.0 34.9 0.225 25.0
52.0 158.0 36.2 0.816 28.0
82.0 325.0 39.2 0.528 58.0
82.0 84.0 25.2 0.299 22.0
60.0 75.0 37.2 0.509 22.0
75.0 0.0 48.3 0.23800000000000002 32.0
100.0 72.0 43.4 1.021 35.0
72.0 82.0 30.8 0.821 24.0
68.0 0.0 20.0 0.23600000000000002 22.0
60.0 182.0 25.4 0.9470000000000001 21.0
62.0 59.0 25.1 1.268 25.0
70.0 110.0 24.3 0.221 25.0
54.0 50.0 22.3 0.205 24.0
74.0 0.0 32.3 0.66 35.0
100.0 0.0 43.3 0.239 45.0
82.0 285.0 32.0 0.452 58.0
68.0 81.0 31.6 0.9490000000000001 28.0
66.0 196.0 32.0 0.444 42.0
76.0 0.0 45.7 0.34 27.0
64.0 415.0 23.7 0.389 21.0
72.0 87.0 22.1 0.46299999999999997 37.0
78.0 0.0 32.9 0.8029999999999999 31.0
58.0 275.0 27.7 1.6 25.0
56.0 115.0 24.7 0.9440000000000001 39.0
66.0 0.0 34.3 0.196 22.0
70.0 0.0 21.1 0.389 25.0
70.0 0.0 34.9 0.24100000000000002 25.0
64.0 0.0 32.0 0.161 31.0
61.0 0.0 24.2 0.151 55.0
84.0 88.0 35.0 0.28600000000000003 35.0
78.0 0.0 31.6 0.28 38.0
64.0 0.0 32.9 0.135 41.0
48.0 165.0 42.1 0.52 26.0
72.0 0.0 28.9 0.376 46.0
62.0 0.0 21.9 0.336 25.0
74.0 0.0 25.9 1.1909999999999998 39.0
68.0 579.0 42.4 0.7020000000000001 28.0
90.0 0.0 35.7 0.674 28.0
72.0 176.0 34.4 0.528 25.0
84.0 310.0 42.4 1.0759999999999998 22.0
74.0 61.0 26.2 0.256 21.0
60.0 167.0 34.6 0.534 21.0
84.0 474.0 35.7 0.258 22.0
68.0 0.0 27.2 1.095 22.0
82.0 0.0 38.5 0.5539999999999999 37.0
68.0 0.0 18.2 0.624 27.0
64.0 115.0 26.4 0.21899999999999997 28.0
88.0 170.0 45.3 0.507 26.0
68.0 76.0 26.0 0.561 21.0
64.0 78.0 40.6 0.496 21.0
64.0 0.0 30.8 0.42100000000000004 21.0
78.0 210.0 42.9 0.516 36.0
78.0 277.0 37.0 0.264 31.0
0.0 0.0 0.0 0.256 25.0
64.0 180.0 34.1 0.32799999999999996 38.0
94.0 145.0 40.6 0.284 26.0
82.0 180.0 35.0 0.233 43.0
0.0 0.0 22.2 0.10800000000000001 23.0
74.0 85.0 30.4 0.551 38.0
74.0 60.0 30.0 0.527 22.0
75.0 0.0 25.6 0.16699999999999998 29.0
68.0 0.0 24.5 1.138 36.0
0.0 0.0 42.4 0.205 29.0
85.0 0.0 37.4 0.244 41.0
75.0 0.0 29.9 0.434 28.0
70.0 0.0 18.2 0.147 21.0
88.0 0.0 36.8 0.727 31.0
104.0 0.0 34.3 0.435 41.0
66.0 50.0 32.2 0.49700000000000005 22.0
64.0 120.0 33.2 0.23 24.0
70.0 0.0 30.5 0.955 33.0
62.0 0.0 29.7 0.38 30.0
78.0 14.0 59.4 2.42 25.0
72.0 70.0 25.3 0.6579999999999999 28.0
80.0 92.0 36.5 0.33 26.0
64.0 64.0 33.6 0.51 22.0
74.0 63.0 30.5 0.285 26.0
64.0 95.0 21.2 0.415 23.0
70.0 0.0 28.9 0.542 23.0
68.0 210.0 39.9 0.381 25.0
0.0 0.0 19.6 0.8320000000000001 72.0
54.0 105.0 37.8 0.498 24.0
62.0 0.0 33.6 0.212 38.0
54.0 0.0 26.7 0.687 62.0
68.0 71.0 30.2 0.364 24.0
84.0 237.0 37.6 1.001 51.0
74.0 60.0 25.9 0.46 81.0
72.0 56.0 20.8 0.733 48.0
62.0 0.0 21.8 0.41600000000000004 26.0
70.0 49.0 35.3 0.705 39.0
78.0 0.0 27.6 0.258 37.0
98.0 0.0 24.0 1.022 34.0
56.0 105.0 21.8 0.452 21.0
52.0 36.0 27.8 0.26899999999999996 22.0
64.0 100.0 36.8 0.6 25.0
0.0 0.0 30.0 0.183 38.0
78.0 140.0 46.1 0.5710000000000001 27.0
82.0 0.0 41.3 0.607 28.0
70.0 0.0 33.2 0.17 22.0
66.0 0.0 38.8 0.259 22.0
90.0 0.0 29.9 0.21 50.0
64.0 0.0 28.9 0.126 24.0
84.0 0.0 27.3 0.231 59.0
80.0 191.0 33.7 0.711 29.0
76.0 110.0 23.8 0.466 31.0
74.0 75.0 25.9 0.162 39.0
86.0 0.0 28.0 0.419 63.0
70.0 328.0 35.5 0.344 35.0
88.0 0.0 35.2 0.19699999999999998 29.0
58.0 49.0 27.8 0.306 28.0
82.0 125.0 38.2 0.233 23.0
0.0 0.0 44.2 0.63 31.0
68.0 250.0 42.3 0.365 24.0
62.0 480.0 40.7 0.536 21.0
78.0 265.0 46.5 1.159 58.0
72.0 0.0 25.6 0.294 28.0
80.0 0.0 26.1 0.551 67.0
65.0 66.0 36.8 0.629 24.0
90.0 0.0 33.5 0.292 42.0
68.0 0.0 32.8 0.145 33.0
70.0 122.0 28.9 1.1440000000000001 45.0
0.0 0.0 0.0 0.174 22.0
74.0 0.0 26.6 0.304 66.0
68.0 0.0 26.0 0.292 30.0
72.0 76.0 30.1 0.547 25.0
70.0 145.0 25.1 0.163 55.0
74.0 193.0 29.3 0.8390000000000001 39.0
90.0 71.0 25.2 0.313 21.0
72.0 0.0 37.2 0.267 28.0
68.0 0.0 39.0 0.727 41.0
64.0 79.0 33.3 0.738 41.0
78.0 0.0 37.3 0.23800000000000002 40.0
82.0 0.0 33.3 0.263 38.0
90.0 90.0 36.5 0.314 35.0
60.0 170.0 28.6 0.6920000000000001 21.0
50.0 76.0 30.4 0.968 21.0
78.0 0.0 25.0 0.409 64.0
72.0 0.0 29.7 0.297 46.0
62.0 210.0 22.1 0.207 21.0
68.0 0.0 24.2 0.2 58.0
62.0 0.0 27.3 0.525 22.0
54.0 86.0 25.6 0.154 24.0
70.0 105.0 31.6 0.268 28.0
88.0 165.0 30.3 0.7709999999999999 53.0
86.0 0.0 37.6 0.304 51.0
60.0 0.0 32.8 0.18 41.0
90.0 326.0 19.6 0.5820000000000001 60.0
70.0 66.0 25.0 0.187 25.0
80.0 130.0 33.2 0.305 26.0
0.0 0.0 0.0 0.18899999999999997 26.0
70.0 0.0 34.2 0.652 45.0
58.0 0.0 31.6 0.151 24.0
60.0 0.0 21.8 0.444 21.0
64.0 82.0 18.2 0.299 21.0
74.0 105.0 26.3 0.107 24.0
66.0 188.0 30.8 0.493 22.0
65.0 0.0 24.6 0.66 31.0
60.0 106.0 29.8 0.7170000000000001 22.0
76.0 0.0 45.3 0.6859999999999999 24.0
66.0 65.0 41.3 0.917 29.0
0.0 0.0 29.8 0.501 31.0
56.0 56.0 33.3 1.251 24.0
0.0 0.0 32.9 0.302 23.0
90.0 0.0 29.6 0.19699999999999998 46.0
60.0 0.0 21.7 0.735 67.0
80.0 210.0 36.3 0.804 23.0
92.0 155.0 36.4 0.968 32.0
74.0 215.0 39.4 0.6609999999999999 43.0
72.0 190.0 32.4 0.5489999999999999 27.0
85.0 0.0 34.9 0.825 56.0
90.0 56.0 39.5 0.159 25.0
78.0 76.0 32.0 0.365 29.0
90.0 225.0 34.5 0.423 37.0
76.0 207.0 43.6 1.034 53.0
68.0 166.0 33.1 0.16 28.0
82.0 67.0 32.8 0.341 50.0
110.0 0.0 28.5 0.68 37.0
70.0 0.0 27.4 0.204 21.0
68.0 106.0 31.9 0.591 25.0
88.0 0.0 27.8 0.247 66.0
62.0 44.0 29.9 0.42200000000000004 23.0
64.0 115.0 36.9 0.47100000000000003 28.0
70.0 215.0 25.5 0.161 37.0
70.0 0.0 38.1 0.218 30.0
76.0 0.0 27.8 0.237 58.0
68.0 0.0 46.2 0.126 42.0
74.0 0.0 30.1 0.3 35.0
76.0 0.0 33.8 0.121 54.0
66.0 274.0 41.3 0.502 28.0
68.0 77.0 37.6 0.401 24.0
60.0 54.0 26.9 0.49700000000000005 32.0
80.0 0.0 32.4 0.601 27.0
54.0 88.0 26.1 0.748 22.0
72.0 18.0 38.6 0.41200000000000003 21.0
62.0 126.0 32.0 0.085 46.0
72.0 126.0 31.3 0.33799999999999997 37.0
66.0 165.0 34.3 0.203 33.0
70.0 0.0 32.5 0.27 39.0
96.0 0.0 22.6 0.268 21.0
58.0 44.0 29.5 0.43 22.0
60.0 120.0 34.7 0.198 22.0
86.0 330.0 30.1 0.892 23.0
44.0 63.0 35.5 0.28 25.0
44.0 130.0 24.0 0.813 35.0
80.0 0.0 42.9 0.693 21.0
68.0 0.0 27.0 0.245 36.0
70.0 0.0 34.7 0.575 62.0
90.0 0.0 42.1 0.371 21.0
60.0 0.0 25.0 0.20600000000000002 27.0
78.0 0.0 26.5 0.259 62.0
76.0 0.0 38.7 0.19 42.0
76.0 600.0 28.7 0.687 52.0
56.0 0.0 22.5 0.41700000000000004 22.0
66.0 0.0 34.9 0.129 41.0
66.0 0.0 24.3 0.249 29.0
86.0 156.0 33.3 1.1540000000000001 52.0
0.0 0.0 21.1 0.342 25.0
84.0 0.0 46.8 0.925 45.0
78.0 140.0 39.4 0.175 24.0
80.0 0.0 34.4 0.402 44.0
52.0 115.0 28.5 1.699 25.0
72.0 230.0 33.6 0.733 34.0
82.0 185.0 32.0 0.682 22.0
76.0 0.0 45.3 0.19399999999999998 46.0
24.0 25.0 27.8 0.5589999999999999 21.0
74.0 0.0 36.8 0.08800000000000001 38.0
38.0 120.0 23.1 0.40700000000000003 26.0
88.0 0.0 27.1 0.4 24.0
0.0 0.0 23.7 0.19 28.0
74.0 0.0 27.8 0.1 30.0
78.0 126.0 35.2 0.6920000000000001 54.0
0.0 0.0 28.4 0.212 36.0
60.0 0.0 35.8 0.514 21.0
78.0 293.0 40.0 1.258 22.0
62.0 41.0 19.5 0.48200000000000004 25.0
82.0 272.0 41.5 0.27 27.0
62.0 182.0 24.0 0.138 23.0
54.0 158.0 30.9 0.292 24.0
58.0 194.0 32.9 0.593 36.0
88.0 321.0 38.2 0.787 40.0
80.0 0.0 32.5 0.878 26.0
74.0 144.0 36.1 0.557 50.0
72.0 0.0 25.8 0.207 27.0
96.0 0.0 28.7 0.157 30.0
62.0 15.0 20.1 0.257 23.0
82.0 0.0 28.2 1.2819999999999998 50.0
0.0 0.0 32.4 0.141 24.0
86.0 160.0 38.4 0.24600000000000002 28.0
76.0 0.0 24.2 1.6980000000000002 28.0
94.0 0.0 40.8 1.4609999999999999 45.0
70.0 115.0 43.5 0.34700000000000003 21.0
64.0 0.0 30.8 0.158 21.0
88.0 54.0 37.7 0.36200000000000004 29.0
68.0 0.0 24.7 0.20600000000000002 21.0
78.0 0.0 32.4 0.39299999999999996 21.0
80.0 0.0 34.6 0.14400000000000002 45.0
65.0 0.0 24.7 0.14800000000000002 21.0
64.0 0.0 27.4 0.732 34.0
78.0 90.0 34.5 0.23800000000000002 24.0
60.0 0.0 26.2 0.34299999999999997 23.0
82.0 183.0 27.5 0.115 22.0
62.0 0.0 25.9 0.16699999999999998 31.0
72.0 0.0 31.2 0.465 38.0
74.0 0.0 28.8 0.153 48.0
76.0 66.0 31.6 0.649 23.0
76.0 91.0 40.9 0.871 32.0
74.0 46.0 19.5 0.149 28.0
86.0 105.0 29.3 0.695 27.0
70.0 0.0 34.3 0.303 24.0
80.0 0.0 29.5 0.17800000000000002 50.0
0.0 0.0 28.0 0.61 31.0
72.0 152.0 27.6 0.73 27.0
74.0 440.0 39.4 0.134 30.0
74.0 144.0 23.4 0.447 33.0
50.0 159.0 37.8 0.455 22.0
84.0 130.0 28.3 0.26 42.0
60.0 0.0 26.4 0.133 23.0
54.0 100.0 25.2 0.23399999999999999 23.0
60.0 106.0 33.8 0.466 27.0
74.0 77.0 34.1 0.26899999999999996 28.0
54.0 0.0 26.8 0.455 27.0
70.0 135.0 34.2 0.142 22.0
52.0 540.0 38.7 0.24 25.0
58.0 90.0 21.8 0.155 22.0
80.0 200.0 38.9 1.162 41.0
106.0 0.0 39.0 0.19 51.0
82.0 70.0 34.2 1.2919999999999998 27.0
84.0 0.0 27.7 0.182 54.0
76.0 0.0 42.9 1.3940000000000001 22.0
106.0 231.0 37.6 0.165 43.0
80.0 130.0 37.9 0.637 40.0
60.0 0.0 33.7 0.245 40.0
80.0 132.0 34.8 0.217 24.0
82.0 0.0 32.5 0.235 70.0
70.0 0.0 27.5 0.141 40.0
58.0 190.0 34.0 0.43 43.0
78.0 100.0 30.9 0.16399999999999998 45.0
68.0 168.0 33.6 0.631 49.0
58.0 0.0 25.4 0.551 21.0
106.0 49.0 35.5 0.285 47.0
100.0 240.0 57.3 0.88 22.0
82.0 0.0 35.6 0.5870000000000001 68.0
70.0 0.0 30.9 0.32799999999999996 31.0
86.0 0.0 24.8 0.23 53.0
60.0 0.0 35.3 0.263 25.0
52.0 0.0 36.0 0.127 25.0
58.0 265.0 24.2 0.614 23.0
56.0 45.0 24.2 0.332 22.0
76.0 0.0 49.6 0.364 26.0
64.0 105.0 44.6 0.366 22.0
80.0 0.0 32.3 0.536 27.0
82.0 0.0 0.0 0.64 69.0
74.0 205.0 33.2 0.591 25.0
64.0 0.0 23.1 0.314 22.0
50.0 0.0 28.3 0.18100000000000002 29.0
74.0 180.0 24.1 0.828 23.0
82.0 180.0 46.1 0.335 46.0
80.0 0.0 24.6 0.856 34.0
114.0 0.0 42.3 0.257 44.0
70.0 95.0 39.1 0.8859999999999999 23.0
68.0 125.0 38.5 0.439 43.0
60.0 0.0 23.5 0.191 25.0
90.0 480.0 30.4 0.128 43.0
74.0 125.0 29.9 0.268 31.0
0.0 0.0 25.0 0.253 22.0
88.0 155.0 34.5 0.598 28.0
70.0 0.0 44.5 0.904 26.0
76.0 200.0 35.9 0.483 26.0
78.0 0.0 27.6 0.565 49.0
88.0 0.0 35.0 0.905 52.0
0.0 0.0 38.5 0.304 41.0
76.0 100.0 28.4 0.11800000000000001 27.0
80.0 0.0 39.8 0.177 28.0
0.0 0.0 0.0 0.261 30.0
46.0 335.0 34.4 0.17600000000000002 22.0
78.0 0.0 32.8 0.14800000000000002 45.0
64.0 160.0 38.0 0.674 23.0
64.0 387.0 31.2 0.295 24.0
78.0 22.0 29.6 0.439 40.0
62.0 0.0 41.2 0.441 38.0
58.0 291.0 26.4 0.35200000000000004 21.0
74.0 0.0 29.5 0.121 32.0
50.0 392.0 33.9 0.826 34.0
78.0 185.0 33.8 0.97 31.0
72.0 0.0 23.1 0.595 56.0
60.0 178.0 35.5 0.415 24.0
76.0 0.0 35.6 0.37799999999999995 52.0
86.0 0.0 29.3 0.317 34.0
66.0 200.0 38.1 0.289 21.0
68.0 127.0 29.3 0.349 42.0
86.0 105.0 39.1 0.251 42.0
94.0 0.0 32.8 0.265 45.0
78.0 0.0 39.4 0.23600000000000002 38.0
78.0 180.0 36.1 0.496 25.0
84.0 0.0 32.4 0.433 22.0
88.0 0.0 22.9 0.326 22.0
52.0 0.0 30.1 0.141 22.0
78.0 79.0 28.4 0.32299999999999995 34.0
86.0 0.0 28.4 0.259 22.0
88.0 120.0 44.5 0.6459999999999999 24.0
56.0 165.0 29.0 0.426 22.0
75.0 0.0 23.3 0.56 53.0
60.0 0.0 35.4 0.284 28.0
86.0 120.0 27.4 0.515 21.0
72.0 0.0 32.0 0.6 42.0
60.0 160.0 36.6 0.45299999999999996 21.0
74.0 0.0 39.5 0.293 42.0
80.0 150.0 42.3 0.785 48.0
44.0 94.0 30.8 0.4 26.0
58.0 116.0 28.5 0.21899999999999997 22.0
94.0 0.0 32.7 0.7340000000000001 45.0
88.0 140.0 40.6 1.1740000000000002 39.0
84.0 105.0 30.0 0.488 46.0
94.0 0.0 49.3 0.358 27.0
74.0 57.0 46.3 1.0959999999999999 32.0
70.0 200.0 36.4 0.408 36.0
62.0 0.0 24.3 0.17800000000000002 50.0
70.0 0.0 31.2 1.182 22.0
78.0 74.0 39.0 0.261 28.0
62.0 0.0 26.0 0.223 25.0
88.0 510.0 43.3 0.222 26.0
78.0 0.0 32.4 0.44299999999999995 45.0
88.0 110.0 36.5 1.057 37.0
90.0 0.0 32.0 0.391 39.0
72.0 0.0 36.3 0.258 52.0
76.0 0.0 37.5 0.19699999999999998 26.0
92.0 0.0 35.5 0.278 66.0
58.0 16.0 28.4 0.7659999999999999 22.0
74.0 0.0 44.0 0.40299999999999997 43.0
62.0 0.0 22.5 0.142 33.0
76.0 180.0 32.9 0.171 63.0
70.0 0.0 36.8 0.34 27.0
72.0 112.0 26.2 0.245 30.0
60.0 0.0 30.1 0.349 47.0
70.0 0.0 30.4 0.315 23.0
